1 0 4096
1 1 65536
1 2 8192
1 3 16384
0 2 8192
1 4 32768
1 5 32768
0 3 16384
1 6 65536
1 7 4194304
1 8 65536
1 9 32768
0 0 4096
0 8 65536
1 10 32768
1 11 65536
0 4 32768
1 12 16384
1 13 32768
1 14 65536
0 9 32768
1 15 65536
1 16 131072
0 10 32768
1 17 524288
0 14 65536
1 18 65536
1 19 4096
1 20 8192
1 21 4096
1 22 131072
0 21 4096
0 11 65536
1 23 262144
0 22 131072
0 6 65536
1 24 8192
0 20 8192
0 5 32768
0 12 16384
1 25 65536
1 26 65536
0 1 65536
1 27 8192
0 7 4194304
1 28 32768
0 16 131072
1 29 32768
1 30 4096
1 31 2097152
0 26 65536
0 24 8192
0 29 32768
1 32 8192
1 33 8192
1 34 8192
1 35 8192
1 36 32768
1 37 65536
1 38 131072
1 39 131072
1 40 65536
1 41 65536
0 40 65536
1 42 8192
1 43 4096
1 44 262144
1 45 8192
1 46 8192
0 36 32768
0 45 8192
1 47 262144
0 31 2097152
1 48 32768
1 49 8192
1 50 4096
0 15 65536
0 42 8192
1 51 8192
1 52 16384
1 53 2097152
1 54 32768
1 55 32768
0 49 8192
0 28 32768
0 13 32768
0 25 65536
0 39 131072
1 56 131072
1 57 65536
1 58 4096
1 59 65536
0 47 262144
1 60 8192
1 61 131072
1 62 131072
1 63 8192
0 52 16384
1 64 8388608
0 46 8192
0 55 32768
0 17 524288
0 32 8192
0 57 65536
0 44 262144
0 38 131072
0 48 32768
0 59 65536
0 62 131072
0 61 131072
0 60 8192
0 35 8192
0 43 4096
0 19 4096
0 64 8388608
1 65 8192
1 66 65536
1 67 4194304
0 41 65536
1 68 4096
1 69 4096
1 70 4096
1 71 65536
0 56 131072
0 53 2097152
1 72 16384
1 73 65536
1 74 131072
1 75 8192
1 76 131072
1 77 65536
1 78 4096
1 79 8192
0 69 4096
1 80 32768
0 58 4096
1 81 32768
0 54 32768
1 82 8192
1 83 32768
1 84 131072
0 84 131072
1 85 16384
1 86 131072
1 87 1048576
1 88 524288
0 81 32768
0 72 16384
1 89 16384
0 77 65536
1 90 4096
0 87 1048576
0 23 262144
1 91 4096
1 92 65536
0 83 32768
1 93 2097152
0 93 2097152
1 94 4096
1 95 262144
1 96 32768
1 97 262144
1 98 32768
1 99 1048576
0 91 4096
0 88 524288
1 100 65536
0 71 65536
0 74 131072
1 101 65536
1 102 32768
1 103 8192
0 51 8192
1 104 4096
1 105 32768
1 106 4194304
0 37 65536
0 75 8192
0 78 4096
0 106 4194304
1 107 65536
0 102 32768
0 27 8192
1 108 65536
1 109 4096
1 110 32768
1 111 65536
1 112 16384
1 113 8192
1 114 8192
1 115 16384
1 116 16384
1 117 8192
1 118 16384
1 119 65536
0 114 8192
0 33 8192
0 98 32768
0 108 65536
1 120 524288
0 67 4194304
1 121 16384
1 122 8388608
0 118 16384
0 90 4096
0 112 16384
0 63 8192
0 79 8192
0 116 16384
0 85 16384
0 122 8388608
1 123 16384
1 124 131072
1 125 8192
1 126 524288
1 127 524288
1 128 4096
1 129 8192
1 130 32768
0 121 16384
1 131 16384
1 132 8388608
0 68 4096
0 128 4096
0 97 262144
0 110 32768
0 18 65536
0 73 65536
0 107 65536
0 92 65536
0 109 4096
0 80 32768
0 115 16384
0 101 65536
0 34 8192
0 124 131072
0 95 262144
0 94 4096
0 65 8192
0 120 524288
0 130 32768
0 129 8192
0 125 8192
0 103 8192
0 30 4096
0 66 65536
0 89 16384
0 119 65536
0 100 65536
0 105 32768
0 127 524288
0 117 8192
0 131 16384
0 96 32768
0 132 8388608
1 133 32768
1 134 8192
1 135 16384
1 136 16384
0 113 8192
1 137 65536
1 138 262144
1 139 32768
1 140 4096
1 141 4096
1 142 65536
1 143 4096
1 144 32768
1 145 4096
1 146 524288
1 147 4194304
0 104 4096
0 123 16384
0 126 524288
1 148 65536
1 149 65536
1 150 131072
1 151 8192
1 152 16384
0 99 1048576
1 153 16384
0 141 4096
1 154 65536
1 155 65536
1 156 65536
1 157 524288
0 156 65536
1 158 16384
1 159 16384
0 144 32768
1 160 524288
0 135 16384
0 151 8192
0 154 65536
0 82 8192
1 161 262144
0 86 131072
0 152 16384
0 158 16384
0 157 524288
1 162 4096
1 163 16384
1 164 8192
0 134 8192
1 165 131072
1 166 16384
1 167 32768
1 168 8388608
0 162 4096
0 155 65536
0 153 16384
0 136 16384
0 145 4096
0 159 16384
0 76 131072
0 70 4096
0 133 32768
0 165 131072
0 139 32768
0 137 65536
0 138 262144
0 149 65536
0 166 16384
0 163 16384
0 111 65536
0 150 131072
0 143 4096
0 50 4096
0 167 32768
0 148 65536
0 160 524288
0 147 4194304
0 161 262144
0 146 524288
0 142 65536
0 140 4096
0 164 8192
0 168 8388608
1 169 32768
1 170 8192
1 171 524288
1 172 2097152
1 173 16384
1 174 1048576
1 175 8192
1 176 65536
1 177 262144
1 178 16384
1 179 32768
1 180 65536
1 181 8192
1 182 262144
1 183 4096
1 184 4096
1 185 4096
1 186 4096
1 187 65536
1 188 2097152
1 189 8192
1 190 32768
1 191 4096
1 192 65536
1 193 4194304
0 184 4096
0 189 8192
0 187 65536
0 178 16384
0 193 4194304
1 194 8192
1 195 8192
1 196 32768
1 197 8192
1 198 4096
1 199 4194304
0 179 32768
0 190 32768
0 177 262144
0 185 4096
0 171 524288
0 196 32768
0 195 8192
0 182 262144
0 176 65536
0 175 8192
0 198 4096
0 197 8192
0 172 2097152
0 169 32768
0 192 65536
0 188 2097152
1 200 131072
0 200 131072
1 201 8388608
0 191 4096
0 170 8192
0 174 1048576
0 199 4194304
0 173 16384
0 181 8192
0 201 8388608
1 202 16384
1 203 16384
1 204 8192
1 205 8192
1 206 65536
1 207 4096
1 208 16384
1 209 4096
1 210 32768
1 211 8192
1 212 65536
1 213 65536
1 214 4096
1 215 131072
0 207 4096
1 216 32768
1 217 65536
1 218 131072
1 219 131072
1 220 32768
1 221 4096
1 222 65536
1 223 262144
1 224 8192
1 225 8192
1 226 524288
1 227 524288
1 228 8192
1 229 16384
1 230 65536
1 231 8192
1 232 4194304
1 233 65536
1 234 524288
0 222 65536
0 209 4096
0 224 8192
0 229 16384
0 219 131072
1 235 4096
1 236 65536
0 215 131072
0 194 8192
1 237 32768
1 238 4096
1 239 16384
1 240 4194304
0 233 65536
0 180 65536
0 206 65536
0 234 524288
0 216 32768
0 235 4096
0 183 4096
0 223 262144
0 203 16384
0 212 65536
0 238 4096
0 239 16384
0 208 16384
0 231 8192
0 228 8192
0 237 32768
0 232 4194304
1 241 8192
1 242 16384
1 243 8192
1 244 65536
1 245 32768
1 246 16384
1 247 8192
1 248 16384
1 249 16384
1 250 262144
1 251 4096
1 252 16384
1 253 4096
1 254 4096
1 255 8192
1 256 131072
1 257 2097152
0 213 65536
0 202 16384
0 245 32768
0 255 8192
0 250 262144
0 251 4096
0 210 32768
0 242 16384
0 244 65536
0 218 131072
0 204 8192
0 217 65536
0 230 65536
0 252 16384
0 249 16384
0 227 524288
0 211 8192
0 246 16384
0 243 8192
0 220 32768
0 247 8192
0 240 4194304
1 258 32768
1 259 16384
1 260 4096
1 261 8388608
0 205 8192
0 260 4096
0 258 32768
0 259 16384
0 254 4096
0 186 4096
0 225 8192
0 226 524288
0 214 4096
0 261 8388608
1 262 131072
1 263 8192
1 264 4096
1 265 8192
1 266 4096
1 267 32768
1 268 262144
1 269 2097152
1 270 131072
1 271 4096
1 272 2097152
0 270 131072
1 273 8192
1 274 16384
0 265 8192
1 275 4096
1 276 32768
0 275 4096
0 268 262144
1 277 16384
1 278 8192
1 279 65536
1 280 65536
1 281 16384
1 282 4096
1 283 16384
1 284 16384
0 256 131072
1 285 524288
0 276 32768
0 285 524288
1 286 4096
1 287 2097152
0 221 4096
0 264 4096
0 263 8192
0 257 2097152
1 288 8192
1 289 16384
1 290 8192
1 291 32768
1 292 262144
0 248 16384
0 290 8192
0 278 8192
0 269 2097152
1 293 4096
1 294 8192
1 295 16384
1 296 131072
1 297 524288
1 298 4096
1 299 32768
1 300 32768
1 301 524288
1 302 4194304
0 282 4096
0 283 16384
0 298 4096
0 274 16384
0 273 8192
0 295 16384
0 288 8192
0 253 4096
0 301 524288
0 271 4096
0 289 16384
0 262 131072
0 266 4096
0 292 262144
0 287 2097152
0 296 131072
0 284 16384
0 279 65536
0 302 4194304
0 267 32768
1 303 16384
1 304 8388608
0 286 4096
0 277 16384
0 280 65536
0 272 2097152
0 241 8192
0 304 8388608
1 305 8192
1 306 524288
1 307 32768
1 308 4096
1 309 131072
1 310 4096
1 311 65536
1 312 32768
1 313 8192
1 314 524288
1 315 4096
1 316 8192
1 317 32768
1 318 8192
1 319 8192
1 320 32768
1 321 16384
1 322 524288
1 323 16384
1 324 32768
1 325 4096
1 326 4096
1 327 65536
1 328 65536
1 329 1048576
1 330 65536
0 323 16384
1 331 65536
1 332 32768
1 333 8192
1 334 262144
1 335 4096
1 336 8192
1 337 4096
1 338 4096
1 339 8192
1 340 32768
1 341 131072
1 342 8192
1 343 65536
1 344 8192
1 345 32768
1 346 131072
1 347 65536
1 348 65536
1 349 65536
1 350 65536
1 351 8192
1 352 65536
1 353 4096
1 354 65536
1 355 8192
1 356 4096
1 357 131072
1 358 65536
1 359 8192
1 360 4096
1 361 65536
1 362 16384
1 363 131072
1 364 131072
1 365 4096
1 366 8192
1 367 8388608
0 361 65536
0 318 8192
0 307 32768
0 335 4096
0 334 262144
0 327 65536
0 332 32768
0 347 65536
0 338 4096
0 320 32768
0 326 4096
0 337 4096
0 356 4096
0 360 4096
0 316 8192
0 308 4096
0 330 65536
0 351 8192
0 340 32768
0 365 4096
0 322 524288
0 363 131072
0 297 524288
0 309 131072
0 355 8192
0 342 8192
0 346 131072
0 294 8192
0 364 131072
0 362 16384
0 336 8192
0 325 4096
0 306 524288
0 367 8388608
1 368 131072
0 321 16384
1 369 524288
1 370 4096
1 371 8192
1 372 131072
1 373 131072
1 374 8192
1 375 1048576
0 345 32768
1 376 131072
1 377 32768
1 378 4194304
0 377 32768
0 331 65536
0 312 32768
0 373 131072
0 353 4096
0 315 4096
0 369 524288
0 359 8192
0 313 8192
0 352 65536
0 372 131072
0 370 4096
0 376 131072
0 344 8192
0 310 4096
0 368 131072
0 300 32768
0 291 32768
0 236 65536
0 350 65536
0 314 524288
0 343 65536
0 354 65536
0 349 65536
0 378 4194304
1 379 32768
1 380 4194304
0 374 8192
0 371 8192
0 358 65536
1 381 8192
1 382 8192
1 383 4096
1 384 262144
0 384 262144
1 385 32768
0 375 1048576
1 386 524288
0 385 32768
1 387 262144
1 388 8192
1 389 4194304
0 348 65536
0 329 1048576
0 281 16384
0 317 32768
0 387 262144
0 293 4096
0 339 8192
0 381 8192
0 389 4194304
1 390 16384
1 391 131072
1 392 8192
1 393 262144
1 394 4096
1 395 4096
1 396 4096
1 397 16384
1 398 131072
1 399 65536
1 400 131072
1 401 2097152
0 396 4096
0 391 131072
0 395 4096
0 400 131072
0 388 8192
0 386 524288
0 397 16384
0 383 4096
0 324 32768
0 380 4194304
1 402 4096
1 403 4096
1 404 8192
0 398 131072
1 405 16384
1 406 4096
1 407 131072
1 408 8388608
0 382 8192
0 357 131072
0 394 4096
0 305 8192
0 405 16384
0 407 131072
0 406 4096
0 399 65536
0 408 8388608
1 409 16384
1 410 8192
0 328 65536
1 411 16384
1 412 4194304
1 413 16384
1 414 8388608
0 366 8192
0 403 4096
0 411 16384
0 410 8192
0 299 32768
0 311 65536
0 341 131072
0 402 4096
0 401 2097152
0 404 8192
0 333 8192
0 319 8192
0 392 8192
0 303 16384
0 379 32768
0 412 4194304
0 413 16384
0 390 16384
0 414 8388608
1 415 262144
1 416 1048576
1 417 4096
1 418 65536
1 419 524288
1 420 16384
1 421 8192
1 422 4096
1 423 8192
1 424 4096
1 425 4194304
1 426 131072
1 427 4194304
0 416 1048576
0 421 8192
0 419 524288
0 420 16384
0 417 4096
0 425 4194304
1 428 4096
1 429 16384
1 430 8388608
0 426 131072
0 427 4194304
0 393 262144
0 409 16384
0 424 4096
0 430 8388608
1 431 32768
1 432 65536
1 433 524288
1 434 4096
1 435 16384
1 436 65536
1 437 131072
1 438 65536
1 439 8192
1 440 4096
1 441 524288
1 442 8192
1 443 262144
1 444 16384
1 445 16384
1 446 8192
1 447 4096
1 448 1048576
1 449 16384
1 450 131072
1 451 16384
1 452 16384
1 453 65536
1 454 32768
1 455 1048576
1 456 131072
1 457 65536
1 458 4096
1 459 4096
1 460 4096
1 461 32768
1 462 32768
1 463 131072
1 464 16384
1 465 524288
0 453 65536
1 466 4096
1 467 8192
1 468 4096
1 469 131072
1 470 1048576
1 471 65536
1 472 8192
1 473 16384
1 474 8192
1 475 262144
0 436 65536
1 476 4194304
0 475 262144
0 472 8192
0 447 4096
0 446 8192
0 415 262144
0 441 524288
0 435 16384
0 465 524288
0 464 16384
0 422 4096
0 456 131072
0 471 65536
0 454 32768
0 451 16384
0 460 4096
0 466 4096
0 428 4096
0 463 131072
0 467 8192
0 445 16384
0 468 4096
0 469 131072
0 443 262144
0 473 16384
0 437 131072
0 462 32768
0 423 8192
0 452 16384
0 442 8192
0 458 4096
0 431 32768
0 470 1048576
0 457 65536
0 459 4096
0 474 8192
0 433 524288
1 477 32768
1 478 16384
1 479 65536
1 480 65536
0 438 65536
1 481 16384
1 482 8192
1 483 4096
1 484 8192
1 485 8192
1 486 16384
1 487 32768
1 488 8192
1 489 32768
0 488 8192
1 490 262144
0 481 16384
0 449 16384
0 482 8192
0 483 4096
0 479 65536
0 432 65536
0 450 131072
1 491 8192
1 492 8388608
0 440 4096
0 490 262144
0 429 16384
0 485 8192
0 455 1048576
0 492 8388608
1 493 8192
1 494 32768
1 495 65536
1 496 131072
1 497 65536
1 498 262144
1 499 8192
1 500 262144
1 501 4096
1 502 65536
1 503 8192
1 504 131072
1 505 4096
1 506 65536
1 507 8192
1 508 262144
1 509 524288
0 496 131072
0 495 65536
0 434 4096
0 487 32768
0 507 8192
0 502 65536
0 499 8192
0 480 65536
0 461 32768
0 494 32768
0 439 8192
0 448 1048576
